time,headset_vel.x,headset_vel.y,headset_vel.z,headset_angularVel.x,headset_angularVel.y,headset_angularVel.z,headset_pos.x,headset_pos.y,headset_pos.z,headset_rot.x,headset_rot.y,headset_rot.z,controller_left_vel.x,controller_left_vel.y,controller_left_vel.z,controller_left_angularVel.x,controller_left_angularVel.y,controller_left_angularVel.z,controller_left_pos.x,controller_left_pos.y,controller_left_pos.z,controller_left_rot.x,controller_left_rot.y,controller_left_rot.z,controller_right_vel.x,controller_right_vel.y,controller_right_vel.z,controller_right_angularVel.x,controller_right_angularVel.y,controller_right_angularVel.z,controller_right_pos.x,controller_right_pos.y,controller_right_pos.z,controller_right_rot.x,controller_right_rot.y,controller_right_rot.z
0.32,-0.8064304,0.02039371,-0.1145627,0.169863,-0.1004156,0.02400995,0.5642309,-0.3409252,-0.6856465,13.16962,269.5685,358.0564,-0.10333,-0.1702414,-0.03345006,-0.9725449,0.7994616,0.7076862,0.6150785,-1.135333,-0.974721,45.55723,180.0437,292.2148,-1.46116,0.1965967,-0.4460737,-1.332221,-0.7742831,-0.3269905,0.5134455,-1.146493,-0.4537981,57.501,326.5449,73.62263,
13.144,-0.8055528,0.01531916,-0.1213726,0.1846036,-0.08512822,0.02861801,0.5530176,-0.3408688,-0.6874781,13.27177,269.6636,358.0929,-0.07434435,-0.1589124,-0.03274586,-1.136721,0.8358753,0.6220208,0.6135641,-1.137041,-0.9753252,45.73992,178.0562,291.0123,-1.447468,0.2142833,-0.4475424,-1.427339,-0.7014909,-0.3217573,0.4948402,-1.143281,-0.459378,57.19749,324.3473,72.42898,
26.795,-0.8058182,0.008673906,-0.1274894,0.1689455,-0.07689016,0.04320799,0.5418885,-0.3409634,-0.6894112,13.35025,269.7534,358.1621,-0.04720059,-0.1487569,-0.02875047,-1.311884,0.8606098,0.5432919,0.6121975,-1.138786,-0.9758394,45.9203,175.903,289.7782,-1.434342,0.2300797,-0.4494839,-1.457968,-0.7532616,-0.3149336,0.4768181,-1.140176,-0.4650181,56.83632,321.8953,70.75092,
40.942,-0.8051963,0.001422783,-0.1339884,0.1726696,-0.0581692,0.05536977,0.5308919,-0.3411317,-0.6913857,13.49993,269.8022,358.2317,-0.02456132,-0.1429456,-0.02063035,-1.518453,0.8415746,0.5196048,0.6108652,-1.140227,-0.9762009,46.26394,173.5359,288.4285,-1.419849,0.2388552,-0.4576927,-1.423558,-0.8105742,-0.3791211,0.4583091,-1.137019,-0.4708667,56.63695,319.4762,68.9856,
54.743,-0.8043104,-0.005025899,-0.1398647,0.1879486,-0.03131071,0.0427346,0.5197463,-0.3412174,-0.6933732,13.69115,269.8264,358.2197,-0.0131093,-0.1368446,-0.01371942,-1.668053,0.7646255,0.4374443,0.6094544,-1.141903,-0.97702,46.63068,171.294,287.294,-1.411836,0.244218,-0.4587429,-1.415736,-0.8238686,-0.3514569,0.4402257,-1.13418,-0.4765249,56.21418,317.2432,67.39483,
68.491,-0.8055698,-0.009546611,-0.1455309,0.1935418,-0.01330171,0.01778582,0.508441,-0.3412024,-0.6953564,13.83475,269.8565,358.1869,-0.006819757,-0.1282931,-0.01267928,-1.773445,0.726494,0.2867885,0.6082016,-1.142784,-0.9773275,46.8347,169.0625,286.2853,-1.405905,0.2459657,-0.4611105,-1.35149,-0.8922176,-0.3112997,0.4218034,-1.131886,-0.4824639,55.7361,315.0903,65.62747,
82.455,-0.8103327,-0.01099621,-0.1488056,0.1567603,-0.01999286,0.01739145,0.4970651,-0.3412203,-0.6974416,13.8567,269.9077,358.2179,-0.003947995,-0.1221991,-0.013765,-1.841089,0.72814,0.1589029,0.6066465,-1.144941,-0.9784852,46.92307,166.7774,285.2144,-1.388513,0.2411613,-0.4767438,-1.194707,-1.037694,-0.4202468,0.4043181,-1.129049,-0.4887508,55.56542,312.704,63.33989,
96.44,-0.8186791,-0.01312132,-0.1507381,0.08497278,-0.04531553,0.03793205,0.4854815,-0.3415133,-0.699595,13.75944,269.996,358.3133,-0.004096834,-0.118147,-0.0132298,-1.884394,0.7264571,0.06699836,0.6051415,-1.1464,-0.9790606,46.97359,164.4797,284.101,-1.371256,0.2315988,-0.4883351,-1.095748,-1.033795,-0.5162577,0.3866479,-1.126782,-0.4947746,55.44958,310.5853,61.48204,
110.512,-0.828263,-0.01892986,-0.1525277,0.01807372,-0.07582888,0.05810102,0.4737895,-0.3420166,-0.7016687,13.6602,270.1029,358.3893,-0.006466304,-0.1168881,-0.008504408,-1.952322,0.6867362,-0.003036916,0.6035571,-1.147165,-0.9790955,47.10271,162.1015,282.9605,-1.347914,0.2190127,-0.4890995,-0.9918908,-0.912455,-0.4971429,0.3695222,-1.124258,-0.5009217,55.25323,309.0766,60.2657,
124.282,-0.8375047,-0.02713825,-0.1550425,-0.001317699,-0.1048896,0.05293252,0.4619043,-0.3426295,-0.7037807,13.63118,270.2338,358.3978,-0.0133247,-0.1190104,-0.004080552,-2.025599,0.6314729,-0.05402654,0.6016032,-1.149642,-0.9804617,47.2896,159.6297,281.743,-1.317519,0.2014301,-0.486344,-0.7416649,-0.8380014,-0.5323229,0.3526372,-1.12212,-0.5069294,55.36391,307.8916,59.02415,
138.282,-0.8479805,-0.03851685,-0.1578987,0.01118011,-0.1216644,0.05396035,0.4499292,-0.3433537,-0.7058878,13.65881,270.3703,358.4632,-0.0253997,-0.1222713,-0.004621935,-2.102738,0.5830838,-0.08835858,0.5993111,-1.150511,-0.9809191,47.47663,157.044,280.4034,-1.292812,0.1843134,-0.489572,-0.4388593,-0.8710297,-0.6307489,0.3353181,-1.120749,-0.5129883,55.71014,306.6424,57.3471,
